<<<<<<< HEAD
1,37
1,36
1,35
0,313
=======
3,2
3,1
3,3
10,165
10,287
10,231
10,27
10,93
10,307
10,121
10,281
10,2
10,3
11,7
11,9
11,17
11,5
11,25
11,2
11,3
9,7
9,1
9,5
8,12
8,10
8,18
8,17
8,13
8,7
34,5
34,4
34,3
34,2
34,1
34,0
33,4
33,3
33,2
33,1
33,0
32,3
32,2
32,1
32,0
30,3
30,2
30,0
29,3
29,2
29,1
29,0
>>>>>>> e1205d1 (CRUD FINALIZADO)
21,3
18,1
21,1
<<<<<<< HEAD
21,0
6,7
6,6
0,312
6,5
6,4
7,13
0,311
7,12
7,7
7,11
7,10
7,8
7,9
7,4
7,6
7,5
4,88
4,87
4,86
4,85
4,84
4,83
4,82
4,81
4,80
4,79
4,78
4,77
4,76
4,75
4,74
4,73
4,72
4,71
4,70
4,69
4,40
4,25
4,39
4,26
4,68
4,67
4,66
4,65
4,64
4,38
4,37
4,36
4,35
4,34
4,33
4,32
4,31
4,30
4,29
4,28
4,27
4,4
4,24
4,23
4,22
4,21
4,20
4,19
4,18
4,17
4,16
4,15
4,14
4,13
4,12
4,11
4,10
4,9
4,8
4,7
4,6
4,5
=======
18,3
20,3
20,2
20,1
19,3
19,2
19,1
12,3
12,2
12,1
11,29
11,28
11,22
11,21
11,20
11,19
11,12
11,10
11,8
11,6
11,1
>>>>>>> e1205d1 (CRUD FINALIZADO)
